0_png.rf.a1a9446a815cb3050189fdb5681d15b8 0 0.49968514442443845 0.5 0.9969695091247559 1.0
0_png.rf.a1a9446a815cb3050189fdb5681d15b8 0 0.5025795936584473 0.6584235191345215 0.937162208557129 0.6758529663085937
1_png.rf.af18bd5f273caacac04eca955819bdb4 0 0.8477632522583007 0.7948781967163085 0.3044734954833984 0.4102436065673828
2_png.rf.0c1bd75bb1d487831341dd3bbdf9b032 0 0.49812984466552734 0.7222764015197753 0.984590721130371 0.5535642623901367
2_png.rf.0c1bd75bb1d487831341dd3bbdf9b032 0 0.5006792545318604 0.6178600311279296 0.992563533782959 0.3186489105224609
3_png.rf.70d62b4d75f2607bdf1e0ed4fee0bd2d 0 0.501057767868042 0.5 0.997884464263916 1.0
6_png.rf.f93ea56b52b4ac0496af6499f26d8701 0 0.501187515258789 0.5007662296295166 0.9976249694824219 0.9984675407409668
7_png.rf.97ae9b2d8057f676dd15f90f30d57cf4 0 0.4989302635192871 0.4758265972137451 0.9978605270385742 0.9457684516906738
7_png.rf.97ae9b2d8057f676dd15f90f30d57cf4 0 0.5021504402160645 0.6501773834228516 0.9915811538696289 0.6996452331542968
8_png.rf.09eb212184476de35d04d6dec75957fe 0 0.5117444038391114 0.6971361637115479 0.9765111923217773 0.6057276725769043
9_png.rf.ff084b58ba484179fc9e2a7d7951c632 0 0.502214002609253 0.6356980800628662 0.9832171440124512 0.7230027198791504
0_png.rf.a1a9446a815cb3050189fdb5681d15b8 0 0.49968514442443845 0.5 0.9969695091247559 1.0
0_png.rf.a1a9446a815cb3050189fdb5681d15b8 0 0.5025795936584473 0.6584235191345215 0.937162208557129 0.6758529663085937
1_png.rf.af18bd5f273caacac04eca955819bdb4 0 0.8477632522583007 0.7948781967163085 0.3044734954833984 0.4102436065673828
2_png.rf.0c1bd75bb1d487831341dd3bbdf9b032 0 0.49812984466552734 0.7222764015197753 0.984590721130371 0.5535642623901367
2_png.rf.0c1bd75bb1d487831341dd3bbdf9b032 0 0.5006792545318604 0.6178600311279296 0.992563533782959 0.3186489105224609
3_png.rf.70d62b4d75f2607bdf1e0ed4fee0bd2d 0 0.501057767868042 0.5 0.997884464263916 1.0
6_png.rf.f93ea56b52b4ac0496af6499f26d8701 0 0.501187515258789 0.5007662296295166 0.9976249694824219 0.9984675407409668
7_png.rf.97ae9b2d8057f676dd15f90f30d57cf4 0 0.4989302635192871 0.4758265972137451 0.9978605270385742 0.9457684516906738
7_png.rf.97ae9b2d8057f676dd15f90f30d57cf4 0 0.5021504402160645 0.6501773834228516 0.9915811538696289 0.6996452331542968
8_png.rf.09eb212184476de35d04d6dec75957fe 0 0.5117444038391114 0.6971361637115479 0.9765111923217773 0.6057276725769043
9_png.rf.ff084b58ba484179fc9e2a7d7951c632 0 0.502214002609253 0.6356980800628662 0.9832171440124512 0.7230027198791504
