1750325247798 1.00111 0
1750325280659 0.90119 1
1750325311027 0.90843 2
1750325340097 0.94104 3
1750325368599 0.90358 4
1750325398747 0.93961 5
1750325428139 0.89468 6
1750325458134 0.84923 7
1750325489815 0.83479 8
1750325518253 0.8428 9
1750325546969 0.81274 10
1750325576728 0.79545 11
1750325607422 0.74682 12
1750325635007 0.80964 13
1750325665750 0.72008 14
1750325703355 0.72739 15
1750325731378 0.71722 16
1750325759765 0.71841 17
1750325793471 0.71937 18
1750325824176 0.72318 19
1750325852540 0.71616 20
1750325881140 0.6911 21
1750325911621 0.67799 22
1750325942794 0.68514 23
1750325973625 0.68178 24
1750326001890 0.648 25
1750326030217 0.66121 26
1750326060809 0.65435 27
1750326090494 0.65482 28
1750326121094 0.6284 29
1750326148769 0.65565 30
1750326176419 0.65795 31
1750326204006 0.63127 32
1750326232898 0.63357 33
1750326260865 0.59409 34
1750326291475 0.58766 35
1750326319638 0.60129 36
1750326347027 0.57643 37
1750326372331 0.58638 38
1750326399591 0.54547 39
1750326429374 0.57548 40
1750326455455 0.56841 41
1750326484935 0.5639 42
1750326511338 0.5713 43
1750326540278 0.55496 44
1750326567894 0.53671 45
1750326597545 0.50219 46
1750326623681 0.52454 47
1750326652029 0.5018 48
1750326678501 0.48382 49
1750326708725 0.52399 50
1750326739589 0.48795 51
1750326767454 0.50264 52
1750326795996 0.45398 53
1750326824550 0.46898 54
1750326853305 0.49426 55
1750326881780 0.45418 56
1750326908765 0.46179 57
1750326936295 0.43729 58
1750326965841 0.43174 59
1750326993867 0.43724 60
1750327022444 0.46874 61
1750327053838 0.43476 62
1750327082179 0.42484 63
1750327111621 0.43277 64
1750327138789 0.43202 65
1750327168100 0.41047 66
1750327194905 0.41398 67
1750327220936 0.38008 68
1750327249171 0.38928 69
1750327276379 0.407 70
1750327304764 0.38213 71
1750327331770 0.37606 72
1750327363772 0.39555 73
1750327390620 0.40533 74
1750327417838 0.37153 75
1750327445848 0.37761 76
1750327471970 0.37817 77
1750327498480 0.37229 78
1750327524707 0.35509 79
1750327552949 0.34345 80
1750327580152 0.34997 81
1750327607480 0.3493 82
1750327635613 0.36745 83
1750327664293 0.32127 84
1750327690917 0.32893 85
1750327716326 0.34207 86
1750327754197 0.32276 87
1750327794438 0.31245 88
1750327834808 0.31379 89
1750327951050 0.3706 90
1750327978393 0.31896 91
1750328005662 0.30144 92
1750328032929 0.2923 93
1750328059387 0.29316 94
1750328085814 0.27594 95
1750328111052 0.26405 96
1750328136762 0.26818 97
1750328162387 0.25287 98
1750328192911 0.26145 99
