1750325247798 1.49855 0
1750325280659 1.45681 1
1750325311027 1.4438 2
1750325340097 1.47593 3
1750325368599 1.46356 4
1750325398747 1.46986 5
1750325428139 1.4628 6
1750325458134 1.41484 7
1750325489815 1.39715 8
1750325518253 1.40102 9
1750325546969 1.37779 10
1750325576728 1.38652 11
1750325607422 1.34788 12
1750325635007 1.38854 13
1750325665750 1.3262 14
1750325703355 1.3337 15
1750325731378 1.32906 16
1750325759765 1.3095 17
1750325793471 1.32562 18
1750325824176 1.33645 19
1750325852540 1.32446 20
1750325881140 1.30037 21
1750325911621 1.28339 22
1750325942794 1.27717 23
1750325973625 1.27213 24
1750326001890 1.25982 25
1750326030217 1.26258 26
1750326060809 1.27029 27
1750326090494 1.25726 28
1750326121094 1.24368 29
1750326148769 1.2684 30
1750326176419 1.25426 31
1750326204006 1.24798 32
1750326232898 1.24502 33
1750326260865 1.21667 34
1750326291475 1.21559 35
1750326319638 1.21647 36
1750326347027 1.20359 37
1750326372331 1.20805 38
1750326399591 1.18286 39
1750326429374 1.19561 40
1750326455455 1.1806 41
1750326484935 1.18295 42
1750326511338 1.18939 43
1750326540278 1.16066 44
1750326567894 1.16862 45
1750326597545 1.15027 46
1750326623681 1.13979 47
1750326652029 1.13304 48
1750326678501 1.11858 49
1750326708725 1.14556 50
1750326739589 1.11154 51
1750326767454 1.11922 52
1750326795996 1.10239 53
1750326824550 1.1078 54
1750326853305 1.11139 55
1750326881780 1.09033 56
1750326908765 1.08885 57
1750326936295 1.08797 58
1750326965841 1.07324 59
1750326993867 1.07129 60
1750327022444 1.08687 61
1750327053838 1.06883 62
1750327082179 1.06265 63
1750327111621 1.05765 64
1750327138789 1.06588 65
1750327168100 1.05185 66
1750327194905 1.04483 67
1750327220936 1.03273 68
1750327249171 1.02797 69
1750327276379 1.04125 70
1750327304764 1.0379 71
1750327331770 1.02783 72
1750327363772 1.03713 73
1750327390620 1.03261 74
1750327417838 1.02181 75
1750327445848 1.02033 76
1750327471970 1.03305 77
1750327498480 1.00919 78
1750327524707 1.00818 79
1750327552949 1.0002 80
1750327580152 1.00036 81
1750327607480 1.00265 82
1750327635613 1.01205 83
1750327664293 0.99679 84
1750327690917 0.99273 85
1750327716326 0.99651 86
1750327754197 0.99545 87
1750327794438 0.98651 88
1750327834808 0.98002 89
1750327951050 1.03367 90
1750327978393 0.993 91
1750328005662 0.9768 92
1750328032929 0.97479 93
1750328059387 0.97107 94
1750328085814 0.95138 95
1750328111052 0.95121 96
1750328136762 0.958 97
1750328162387 0.94964 98
1750328192911 0.94963 99
