14_png.rf.9dc8f9b7dad6575180e1f105e5e963b9 0 0.3759586334228516 0.19826295375823974 0.4812445640563965 0.3965259075164795
28_png.rf.9b9148b0f299387be2b640427ab861e1 0 0.7686298847198486 0.6718856811523437 0.4235896110534668 0.1542051315307617
28_png.rf.9b9148b0f299387be2b640427ab861e1 0 0.5528319358825684 0.83895263671875 0.8939981460571289 0.21701626777648925
43_png.rf.bbe9cf984b770cd964438d3098de2177 0 0.7522077560424805 0.6025389194488525 0.4939882278442383 0.36891889572143555
43_png.rf.bbe9cf984b770cd964438d3098de2177 0 0.6657356739044189 0.18737521171569824 0.16819515228271484 0.10830745697021485
45_png.rf.91069c57e68c478d18bec9024d1a2eff 0 0.7035872936248779 0.3686197280883789 0.5892937660217286 0.2435760498046875
56_png.rf.1ea3746c8059264a352bebe26f32db00 0 0.7455101490020752 0.34540984630584715 0.5089535713195801 0.2532543659210205
69_png.rf.15f02ccb5ef4eeb6df1eeb7f68869431 0 0.5115216732025146 0.7207637786865234 0.9759764671325684 0.5544340133666992
86_png.rf.99f09b9cdbc66d51a19527489c7d06ca 0 0.8033169746398926 0.8465550422668457 0.39320907592773435 0.30636234283447267
86_png.rf.99f09b9cdbc66d51a19527489c7d06ca 0 0.6206638813018799 0.34299254417419434 0.6194619178771973 0.13003168106079102
86_png.rf.99f09b9cdbc66d51a19527489c7d06ca 0 0.28252458572387695 0.8856035232543945 0.3110793113708496 0.22348594665527344
DSC_0913_JPG.rf.baa70a22817b7b3ffba3fae89e56eea7 0 0.8182958602905274 0.6338778972625733 0.3634082794189453 0.5880501747131348
DSC_0913_JPG.rf.baa70a22817b7b3ffba3fae89e56eea7 0 0.5888107299804688 0.7561714172363281 0.8096752166748047 0.48660736083984374
DSC_0917_JPG.rf.7c183214ef5f210576e9a816eaa1463d 0 0.19494130611419677 0.6804678916931153 0.3894372463226318 0.6390642166137696
DSC_0918_JPG.rf.549eeb77dc9e21fa7750b6230fa35506 0 0.5601643562316895 0.7770078659057618 0.7966054916381836 0.36681480407714845
DSC_0925_JPG.rf.0d0f74d7899ead7b14af754eb295d42b 0 0.47137084007263186 0.4886521816253662 0.6947932243347168 0.45140857696533204
DSC_0928_JPG.rf.fbc1b50a40dc7eaea38010fe1e35a7db 0 0.5235451698303223 0.8088800430297851 0.8085752487182617 0.3159481525421143
DSC_0947_JPG.rf.2d10590e963bb6bd765f0c1bf4d3ddfb 0 0.7398694038391114 0.38616137504577636 0.3442085266113281 0.48012409210205076
DSC_0947_JPG.rf.2d10590e963bb6bd765f0c1bf4d3ddfb 0 0.5302123069763184 0.6262215137481689 0.8102155685424804 0.7052689552307129
IMG_0545_png.rf.f888ac69fd7846bb226ce741b021f12a 0 0.18275729417800904 0.9179790496826172 0.36485364437103274 0.16336822509765625
IMG_0545_png.rf.f888ac69fd7846bb226ce741b021f12a 0 0.8336078643798828 0.7407764911651611 0.332444429397583 0.4152514457702637
IMG_0545_png.rf.f888ac69fd7846bb226ce741b021f12a 0 0.2228991746902466 0.612758731842041 0.44565186500549314 0.23099040985107422
IMG_0558_png.rf.77171fd124aa83a415504effdb6491e9 0 0.6555615425109863 0.6716364860534668 0.6880290985107422 0.5787267684936523
IMG_0558_png.rf.77171fd124aa83a415504effdb6491e9 0 0.1480102062225342 0.49828004837036133 0.2947530746459961 0.16091651916503907
IMG_0562_png.rf.256c6cf525916d23b0be91528f351bca 0 0.5366037368774415 0.6641133785247803 0.9267925262451172 0.551047420501709
IMG_0565_png.rf.8dab4ea272235567973b0649e3a07b68 0 0.367459774017334 0.7607607841491699 0.7184986114501953 0.47547283172607424
IMG_0565_png.rf.8dab4ea272235567973b0649e3a07b68 0 0.9401893615722656 0.7168156623840332 0.11962127685546875 0.5650167465209961
IMG_0565_png.rf.8dab4ea272235567973b0649e3a07b68 0 0.22712531089782714 0.6980839729309082 0.4542506217956543 0.6035879135131836
IMG_0579_png.rf.4f092a2b71af48c80ee813c141a1cddd 0 0.6865262031555176 0.5405004978179931 0.6269475936889648 0.4441258430480957
IMG_0579_png.rf.4f092a2b71af48c80ee813c141a1cddd 0 0.5136985778808594 0.5356200218200684 0.9715322494506836 0.4757883071899414
IMG_0579_png.rf.4f092a2b71af48c80ee813c141a1cddd 0 0.8230691909790039 0.3228950023651123 0.2991172790527344 0.12210474014282227
IMG_0584_png.rf.8a89a79c109e5b2feccde2c432fad62c 0 0.4971936225891113 0.6908063411712646 0.9943872451782226 0.617553997039795
IMG_0600_png.rf.1870f5b49975061af8aab68ac741797f 0 0.5 0.6036253929138183 1.0 0.7927492141723633
IMG_0635_png.rf.ac044e3cef24f8e6944ec7f1c49d4e70 0 0.3710526943206787 0.8146785736083985 0.4283913612365723 0.37064285278320314
IMG_0635_png.rf.ac044e3cef24f8e6944ec7f1c49d4e70 0 0.7022275924682617 0.6849641799926758 0.5812534332275391 0.38454113006591795
IMG_0635_png.rf.ac044e3cef24f8e6944ec7f1c49d4e70 0 0.7909046649932862 0.15272145271301268 0.41712465286254885 0.3047610282897949
IMG_0635_png.rf.ac044e3cef24f8e6944ec7f1c49d4e70 0 0.6689790725708008 0.15257166624069213 0.6603704452514648 0.30484464168548586
IMG_0653_png.rf.63f1211be4c58f02e1e0c73670d6d947 0 0.6654396057128906 0.8527935981750489 0.6578205108642579 0.2942981719970703
14_png.rf.9dc8f9b7dad6575180e1f105e5e963b9 0 0.3692986011505127 0.23357315063476564 0.4116680145263672 0.41559638977050783
14_png.rf.9dc8f9b7dad6575180e1f105e5e963b9 0 0.551132345199585 0.6421163558959961 0.8934544563293457 0.7157672882080078
14_png.rf.9dc8f9b7dad6575180e1f105e5e963b9 0 0.34241361618041993 0.07526159286499023 0.44828405380249026 0.15052318572998047
14_png.rf.9dc8f9b7dad6575180e1f105e5e963b9 0 0.837339210510254 0.6212217330932617 0.3249362468719482 0.238482666015625
28_png.rf.9b9148b0f299387be2b640427ab861e1 0 0.5 0.7978983879089355 1.0 0.2340412139892578
28_png.rf.9b9148b0f299387be2b640427ab861e1 0 0.6233926296234131 0.3363317012786865 0.554773998260498 0.514858341217041
43_png.rf.bbe9cf984b770cd964438d3098de2177 0 0.7469530582427979 0.607728385925293 0.5040839195251465 0.5694877624511718
43_png.rf.bbe9cf984b770cd964438d3098de2177 0 0.24513669013977052 0.5080350399017334 0.48571138381958007 0.27558116912841796
45_png.rf.91069c57e68c478d18bec9024d1a2eff 0 0.7268209457397461 0.39655399322509766 0.5434497833251953 0.3238842010498047
45_png.rf.91069c57e68c478d18bec9024d1a2eff 0 0.8575954437255859 0.6634736061096191 0.28325619697570803 0.09572315216064453
45_png.rf.91069c57e68c478d18bec9024d1a2eff 0 0.3215371608734131 0.2324676752090454 0.34223184585571287 0.0866666316986084
52_png.rf.192a084f97ce010eb2748d22a7ef06a6 0 0.5003526687622071 0.6909937381744384 0.999294662475586 0.6176459312438964
56_png.rf.1ea3746c8059264a352bebe26f32db00 0 0.4881291389465332 0.8722950935363769 0.9762582778930664 0.25505771636962893
58_png.rf.bf36016f3e896371150a1ed589a5fd6f 0 0.8788183212280274 0.30564565658569337 0.24236326217651366 0.5140226364135743
69_png.rf.15f02ccb5ef4eeb6df1eeb7f68869431 0 0.512541389465332 0.7293093204498291 0.9651887893676758 0.5413813591003418
86_png.rf.99f09b9cdbc66d51a19527489c7d06ca 0 0.815494441986084 0.8401618003845215 0.3670602798461914 0.3196763515472412
86_png.rf.99f09b9cdbc66d51a19527489c7d06ca 0 0.6524080753326416 0.3385988712310791 0.5516806602478027 0.18138341903686522
86_png.rf.99f09b9cdbc66d51a19527489c7d06ca 0 0.33887338638305664 0.9131231307983398 0.6710126876831055 0.17348556518554686
86_png.rf.99f09b9cdbc66d51a19527489c7d06ca 0 0.22068259716033936 0.6875993251800537 0.4413651943206787 0.21206703186035156
DSC_0913_JPG.rf.baa70a22817b7b3ffba3fae89e56eea7 0 0.5539836883544922 0.7503978729248046 0.8884361267089844 0.4992042541503906
DSC_0913_JPG.rf.baa70a22817b7b3ffba3fae89e56eea7 0 0.8389307975769043 0.5939272880554199 0.3221384048461914 0.472412109375
DSC_0917_JPG.rf.7c183214ef5f210576e9a816eaa1463d 0 0.4107189178466797 0.7621117115020752 0.8214378356933594 0.47577657699584963
DSC_0918_JPG.rf.549eeb77dc9e21fa7750b6230fa35506 0 0.5117822170257569 0.7784711360931397 0.9392617225646973 0.4421168327331543
DSC_0925_JPG.rf.0d0f74d7899ead7b14af754eb295d42b 0 0.5061037540435791 0.4950514793395996 0.7116808891296387 0.5301491737365722
DSC_0928_JPG.rf.fbc1b50a40dc7eaea38010fe1e35a7db 0 0.4749432563781738 0.7921678066253662 0.8085760116577149 0.4156643867492676
DSC_0936_JPG.rf.1faac2a2a3910351e6e9c7f83b761b99 0 0.43334169387817384 0.6738125801086425 0.3584578514099121 0.3115224838256836
DSC_0947_JPG.rf.2d10590e963bb6bd765f0c1bf4d3ddfb 0 0.5613865852355957 0.6303565979003907 0.7365449905395508 0.718577766418457
image_10_jpg.rf.19ea7eec49c3e354ae08e56e2c84fb06 0 0.5559075355529786 0.6915163993835449 0.874168586730957 0.6169672012329102
image_20_jpg.rf.cfecddf2a45fe006762ce5d50456e056 0 0.7184866905212403 0.8156370162963867 0.2924959182739258 0.36833629608154295
image_20_jpg.rf.cfecddf2a45fe006762ce5d50456e056 0 0.7252975463867187 0.5526692390441894 0.45232067108154295 0.1700908660888672
image_3_jpg.rf.e9d346c7c0c8c7612f4db5af4fb6ceab 0 0.5020920753479003 0.20752041339874266 0.9958158493041992 0.41211533546447754
image_7_jpg.rf.87df0d9613182e68e630cefc1967eecb 0 0.3000960826873779 0.816316795349121 0.5979025840759278 0.3530616760253906
IMG_0545_png.rf.f888ac69fd7846bb226ce741b021f12a 0 0.8051241874694824 0.7399990081787109 0.3836151123046875 0.439482307434082
IMG_0545_png.rf.f888ac69fd7846bb226ce741b021f12a 0 0.22508554458618163 0.6070413589477539 0.45017108917236326 0.25684356689453125
IMG_0545_png.rf.f888ac69fd7846bb226ce741b021f12a 0 0.789149284362793 0.8156782150268554 0.38614425659179685 0.2473388671875
IMG_0545_png.rf.f888ac69fd7846bb226ce741b021f12a 0 0.19007691144943237 0.9091197967529296 0.37823383808135985 0.18054237365722656
IMG_0558_png.rf.77171fd124aa83a415504effdb6491e9 0 0.6399560451507569 0.636420726776123 0.7170220375061035 0.5331281661987305
IMG_0558_png.rf.77171fd124aa83a415504effdb6491e9 0 0.13827065229415894 0.49122047424316406 0.2765413045883179 0.17510108947753905
IMG_0562_png.rf.256c6cf525916d23b0be91528f351bca 0 0.5085652351379395 0.65689697265625 0.9798727035522461 0.6112710952758789
IMG_0565_png.rf.8dab4ea272235567973b0649e3a07b68 0 0.31815342903137206 0.7093946933746338 0.6354104042053222 0.5805853843688965
IMG_0579_png.rf.4f092a2b71af48c80ee813c141a1cddd 0 0.35954437255859373 0.5131358623504638 0.7080856323242187 0.6440857887268067
IMG_0579_png.rf.4f092a2b71af48c80ee813c141a1cddd 0 0.7964468002319336 0.5218975067138671 0.40688724517822267 0.5709863662719726
IMG_0584_png.rf.8a89a79c109e5b2feccde2c432fad62c 0 0.4998732566833496 0.6947397708892822 0.9885431289672851 0.6091652870178222
IMG_0600_png.rf.1870f5b49975061af8aab68ac741797f 0 0.5 0.6001163959503174 1.0 0.7997672080993652
IMG_0635_png.rf.ac044e3cef24f8e6944ec7f1c49d4e70 0 0.36484560966491697 0.7742375373840332 0.4533674240112305 0.451068115234375
IMG_0635_png.rf.ac044e3cef24f8e6944ec7f1c49d4e70 0 0.6991837024688721 0.6923315525054932 0.5927004814147949 0.44651403427124026
IMG_0653_png.rf.63f1211be4c58f02e1e0c73670d6d947 0 0.667562198638916 0.849610710144043 0.6617406845092774 0.3007785797119141
14_png.rf.9dc8f9b7dad6575180e1f105e5e963b9 0 0.3692986011505127 0.23357315063476564 0.4116680145263672 0.41559638977050783
14_png.rf.9dc8f9b7dad6575180e1f105e5e963b9 0 0.551132345199585 0.6421163558959961 0.8934544563293457 0.7157672882080078
14_png.rf.9dc8f9b7dad6575180e1f105e5e963b9 0 0.34241361618041993 0.07526159286499023 0.44828405380249026 0.15052318572998047
14_png.rf.9dc8f9b7dad6575180e1f105e5e963b9 0 0.837339210510254 0.6212217330932617 0.3249362468719482 0.238482666015625
28_png.rf.9b9148b0f299387be2b640427ab861e1 0 0.5 0.7978983879089355 1.0 0.2340412139892578
28_png.rf.9b9148b0f299387be2b640427ab861e1 0 0.6233926296234131 0.3363317012786865 0.554773998260498 0.514858341217041
43_png.rf.bbe9cf984b770cd964438d3098de2177 0 0.7469530582427979 0.607728385925293 0.5040839195251465 0.5694877624511718
43_png.rf.bbe9cf984b770cd964438d3098de2177 0 0.24513669013977052 0.5080350399017334 0.48571138381958007 0.27558116912841796
45_png.rf.91069c57e68c478d18bec9024d1a2eff 0 0.7268209457397461 0.39655399322509766 0.5434497833251953 0.3238842010498047
45_png.rf.91069c57e68c478d18bec9024d1a2eff 0 0.8575954437255859 0.6634736061096191 0.28325619697570803 0.09572315216064453
45_png.rf.91069c57e68c478d18bec9024d1a2eff 0 0.3215371608734131 0.2324676752090454 0.34223184585571287 0.0866666316986084
52_png.rf.192a084f97ce010eb2748d22a7ef06a6 0 0.5003526687622071 0.6909937381744384 0.999294662475586 0.6176459312438964
56_png.rf.1ea3746c8059264a352bebe26f32db00 0 0.4881291389465332 0.8722950935363769 0.9762582778930664 0.25505771636962893
58_png.rf.bf36016f3e896371150a1ed589a5fd6f 0 0.8788183212280274 0.30564565658569337 0.24236326217651366 0.5140226364135743
69_png.rf.15f02ccb5ef4eeb6df1eeb7f68869431 0 0.512541389465332 0.7293093204498291 0.9651887893676758 0.5413813591003418
86_png.rf.99f09b9cdbc66d51a19527489c7d06ca 0 0.815494441986084 0.8401618003845215 0.3670602798461914 0.3196763515472412
86_png.rf.99f09b9cdbc66d51a19527489c7d06ca 0 0.6524080753326416 0.3385988712310791 0.5516806602478027 0.18138341903686522
86_png.rf.99f09b9cdbc66d51a19527489c7d06ca 0 0.33887338638305664 0.9131231307983398 0.6710126876831055 0.17348556518554686
86_png.rf.99f09b9cdbc66d51a19527489c7d06ca 0 0.22068259716033936 0.6875993251800537 0.4413651943206787 0.21206703186035156
DSC_0913_JPG.rf.baa70a22817b7b3ffba3fae89e56eea7 0 0.5539836883544922 0.7503978729248046 0.8884361267089844 0.4992042541503906
DSC_0913_JPG.rf.baa70a22817b7b3ffba3fae89e56eea7 0 0.8389307975769043 0.5939272880554199 0.3221384048461914 0.472412109375
DSC_0917_JPG.rf.7c183214ef5f210576e9a816eaa1463d 0 0.4107189178466797 0.7621117115020752 0.8214378356933594 0.47577657699584963
DSC_0918_JPG.rf.549eeb77dc9e21fa7750b6230fa35506 0 0.5117822170257569 0.7784711360931397 0.9392617225646973 0.4421168327331543
DSC_0925_JPG.rf.0d0f74d7899ead7b14af754eb295d42b 0 0.5061037540435791 0.4950514793395996 0.7116808891296387 0.5301491737365722
DSC_0928_JPG.rf.fbc1b50a40dc7eaea38010fe1e35a7db 0 0.4749432563781738 0.7921678066253662 0.8085760116577149 0.4156643867492676
DSC_0936_JPG.rf.1faac2a2a3910351e6e9c7f83b761b99 0 0.43334169387817384 0.6738125801086425 0.3584578514099121 0.3115224838256836
DSC_0947_JPG.rf.2d10590e963bb6bd765f0c1bf4d3ddfb 0 0.5613865852355957 0.6303565979003907 0.7365449905395508 0.718577766418457
image_10_jpg.rf.19ea7eec49c3e354ae08e56e2c84fb06 0 0.5559075355529786 0.6915163993835449 0.874168586730957 0.6169672012329102
image_20_jpg.rf.cfecddf2a45fe006762ce5d50456e056 0 0.7184866905212403 0.8156370162963867 0.2924959182739258 0.36833629608154295
image_20_jpg.rf.cfecddf2a45fe006762ce5d50456e056 0 0.7252975463867187 0.5526692390441894 0.45232067108154295 0.1700908660888672
image_3_jpg.rf.e9d346c7c0c8c7612f4db5af4fb6ceab 0 0.5020920753479003 0.20752041339874266 0.9958158493041992 0.41211533546447754
image_7_jpg.rf.87df0d9613182e68e630cefc1967eecb 0 0.3000960826873779 0.816316795349121 0.5979025840759278 0.3530616760253906
IMG_0545_png.rf.f888ac69fd7846bb226ce741b021f12a 0 0.8051241874694824 0.7399990081787109 0.3836151123046875 0.439482307434082
IMG_0545_png.rf.f888ac69fd7846bb226ce741b021f12a 0 0.22508554458618163 0.6070413589477539 0.45017108917236326 0.25684356689453125
IMG_0545_png.rf.f888ac69fd7846bb226ce741b021f12a 0 0.789149284362793 0.8156782150268554 0.38614425659179685 0.2473388671875
IMG_0545_png.rf.f888ac69fd7846bb226ce741b021f12a 0 0.19007691144943237 0.9091197967529296 0.37823383808135985 0.18054237365722656
IMG_0558_png.rf.77171fd124aa83a415504effdb6491e9 0 0.6399560451507569 0.636420726776123 0.7170220375061035 0.5331281661987305
IMG_0558_png.rf.77171fd124aa83a415504effdb6491e9 0 0.13827065229415894 0.49122047424316406 0.2765413045883179 0.17510108947753905
IMG_0562_png.rf.256c6cf525916d23b0be91528f351bca 0 0.5085652351379395 0.65689697265625 0.9798727035522461 0.6112710952758789
IMG_0565_png.rf.8dab4ea272235567973b0649e3a07b68 0 0.31815342903137206 0.7093946933746338 0.6354104042053222 0.5805853843688965
IMG_0579_png.rf.4f092a2b71af48c80ee813c141a1cddd 0 0.35954437255859373 0.5131358623504638 0.7080856323242187 0.6440857887268067
IMG_0579_png.rf.4f092a2b71af48c80ee813c141a1cddd 0 0.7964468002319336 0.5218975067138671 0.40688724517822267 0.5709863662719726
IMG_0584_png.rf.8a89a79c109e5b2feccde2c432fad62c 0 0.4998732566833496 0.6947397708892822 0.9885431289672851 0.6091652870178222
IMG_0600_png.rf.1870f5b49975061af8aab68ac741797f 0 0.5 0.6001163959503174 1.0 0.7997672080993652
IMG_0635_png.rf.ac044e3cef24f8e6944ec7f1c49d4e70 0 0.36484560966491697 0.7742375373840332 0.4533674240112305 0.451068115234375
IMG_0635_png.rf.ac044e3cef24f8e6944ec7f1c49d4e70 0 0.6991837024688721 0.6923315525054932 0.5927004814147949 0.44651403427124026
IMG_0653_png.rf.63f1211be4c58f02e1e0c73670d6d947 0 0.667562198638916 0.849610710144043 0.6617406845092774 0.3007785797119141
