1750325247798 0.0005402314814814815 0
1750325280659 0.0010850487564814815 1
1750325311027 0.0016188638314814814 2
1750325340097 0.0016174900999999999 3
1750325368599 0.0016009868 4
1750325398747 0.0015844835000000002 5
1750325428139 0.0015679802000000001 6
1750325458134 0.0015514769 7
1750325489815 0.0015349736000000002 8
1750325518253 0.0015184703000000002 9
1750325546969 0.001501967 10
1750325576728 0.0014854637 11
1750325607422 0.0014689604 12
1750325635007 0.0014524571 13
1750325665750 0.0014359538 14
1750325703355 0.0014194505000000002 15
1750325731378 0.0014029472000000002 16
1750325759765 0.0013864439 17
1750325793471 0.0013699406000000003 18
1750325824176 0.0013534373000000002 19
1750325852540 0.0013369340000000001 20
1750325881140 0.0013204307 21
1750325911621 0.0013039274 22
1750325942794 0.0012874241 23
1750325973625 0.0012709208 24
1750326001890 0.0012544175 25
1750326030217 0.0012379142000000002 26
1750326060809 0.0012214109000000001 27
1750326090494 0.0012049076 28
1750326121094 0.0011884043 29
1750326148769 0.001171901 30
1750326176419 0.0011553976999999999 31
1750326204006 0.0011388944 32
1750326232898 0.0011223911 33
1750326260865 0.0011058878 34
1750326291475 0.0010893845 35
1750326319638 0.0010728812000000002 36
1750326347027 0.0010563779000000001 37
1750326372331 0.0010398746 38
1750326399591 0.0010233713 39
1750326429374 0.001006868 40
1750326455455 0.0009903647000000001 41
1750326484935 0.0009738614000000002 42
1750326511338 0.0009573581000000001 43
1750326540278 0.0009408548 44
1750326567894 0.0009243515000000001 45
1750326597545 0.0009078482000000002 46
1750326623681 0.0008913449000000002 47
1750326652029 0.0008748416000000001 48
1750326678501 0.0008583383 49
1750326708725 0.0008418350000000001 50
1750326739589 0.0008253317 51
1750326767454 0.0008088284 52
1750326795996 0.0007923251 53
1750326824550 0.0007758218 54
1750326853305 0.0007593185 55
1750326881780 0.0007428151999999999 56
1750326908765 0.0007263119000000001 57
1750326936295 0.0007098086000000001 58
1750326965841 0.0006933053000000001 59
1750326993867 0.0006768020000000001 60
1750327022444 0.0006602987 61
1750327053838 0.0006437954 62
1750327082179 0.0006272921 63
1750327111621 0.0006107888000000001 64
1750327138789 0.0005942855 65
1750327168100 0.0005777822 66
1750327194905 0.0005612788999999999 67
1750327220936 0.0005447756 68
1750327249171 0.0005282723000000001 69
1750327276379 0.0005117690000000001 70
1750327304764 0.0004952657000000001 71
1750327331770 0.00047876240000000006 72
1750327363772 0.0004622591000000001 73
1750327390620 0.00044575580000000005 74
1750327417838 0.00042925250000000004 75
1750327445848 0.0004127492 76
1750327471970 0.0003962459 77
1750327498480 0.00037974259999999996 78
1750327524707 0.0003632393 79
1750327552949 0.00034673599999999994 80
1750327580152 0.00033023269999999993 81
1750327607480 0.00031372940000000014 82
1750327635613 0.0002972261000000001 83
1750327664293 0.00028072280000000007 84
1750327690917 0.00026421950000000006 85
1750327716326 0.00024771620000000005 86
1750327754197 0.00023121290000000004 87
1750327794438 0.0002147096 88
1750327834808 0.00019820629999999997 89
1750327951050 0.00018170299999999996 90
1750327978393 0.00016519969999999996 91
1750328005662 0.00014869639999999995 92
1750328032929 0.0001321930999999999 93
1750328059387 0.00011568980000000008 94
1750328085814 9.918650000000008e-05 95
1750328111052 8.268320000000008e-05 96
1750328136762 6.617990000000005e-05 97
1750328162387 4.967660000000004e-05 98
1750328192911 3.3173300000000017e-05 99
