1750325247798 2.72144 0
1750325280659 1.92465 1
1750325311027 1.77849 2
1750325340097 1.74542 3
1750325368599 1.68533 4
1750325398747 1.71086 5
1750325428139 1.6531 6
1750325458134 1.53689 7
1750325489815 1.43229 8
1750325518253 1.45133 9
1750325546969 1.42329 10
1750325576728 1.38314 11
1750325607422 1.32005 12
1750325635007 1.39778 13
1750325665750 1.28037 14
1750325703355 1.29829 15
1750325731378 1.25002 16
1750325759765 1.20978 17
1750325793471 1.21629 18
1750325824176 1.19117 19
1750325852540 1.1685 20
1750325881140 1.12313 21
1750325911621 1.12532 22
1750325942794 1.07796 23
1750325973625 1.08098 24
1750326001890 1.06784 25
1750326030217 1.0535 26
1750326060809 1.025 27
1750326090494 1.01123 28
1750326121094 1.02461 29
1750326148769 1.00113 30
1750326176419 0.98029 31
1750326204006 0.99796 32
1750326232898 0.97795 33
1750326260865 0.89406 34
1750326291475 0.92275 35
1750326319638 0.89552 36
1750326347027 0.8715 37
1750326372331 0.84768 38
1750326399591 0.80783 39
1750326429374 0.82253 40
1750326455455 0.80683 41
1750326484935 0.80287 42
1750326511338 0.79544 43
1750326540278 0.77117 44
1750326567894 0.77129 45
1750326597545 0.72103 46
1750326623681 0.74094 47
1750326652029 0.71066 48
1750326678501 0.68153 49
1750326708725 0.70708 50
1750326739589 0.66191 51
1750326767454 0.66386 52
1750326795996 0.63322 53
1750326824550 0.61998 54
1750326853305 0.64461 55
1750326881780 0.61732 56
1750326908765 0.63896 57
1750326936295 0.5936 58
1750326965841 0.57876 59
1750326993867 0.56455 60
1750327022444 0.5899 61
1750327053838 0.5553 62
1750327082179 0.57353 63
1750327111621 0.55868 64
1750327138789 0.55492 65
1750327168100 0.55235 66
1750327194905 0.53975 67
1750327220936 0.50561 68
1750327249171 0.50684 69
1750327276379 0.51953 70
1750327304764 0.50293 71
1750327331770 0.47068 72
1750327363772 0.497 73
1750327390620 0.49706 74
1750327417838 0.46981 75
1750327445848 0.46431 76
1750327471970 0.45847 77
1750327498480 0.47235 78
1750327524707 0.45146 79
1750327552949 0.4574 80
1750327580152 0.43957 81
1750327607480 0.41547 82
1750327635613 0.4568 83
1750327664293 0.39978 84
1750327690917 0.40184 85
1750327716326 0.42563 86
1750327754197 0.39237 87
1750327794438 0.39401 88
1750327834808 0.38279 89
1750327951050 0.59869 90
1750327978393 0.30533 91
1750328005662 0.27713 92
1750328032929 0.26567 93
1750328059387 0.25062 94
1750328085814 0.24898 95
1750328111052 0.23164 96
1750328136762 0.23373 97
1750328162387 0.22584 98
1750328192911 0.24322 99
