1750325250929 0.18323 0
1750325282565 0.04127 1
1750325313086 0.17025 2
1750325342663 0.09286 3
1750325369809 0.03308 4
1750325400865 0.11125 5
1750325430440 0.28657 6
1750325460294 0.29843 7
1750325492067 0.50274 8
1750325520151 0.3388 9
1750325548984 0.39759 10
1750325578566 0.14446 11
1750325609343 0.39945 12
1750325636954 0.17152 13
1750325667689 0.44178 14
1750325705202 0.45631 15
1750325733384 0.44519 16
1750325761721 0.44606 17
1750325795448 0.43682 18
1750325826049 0.47538 19
1750325854539 0.48753 20
1750325883135 0.482 21
1750325913881 0.49081 22
1750325944760 0.5821 23
1750325975694 0.42524 24
1750326004065 0.45605 25
1750326032097 0.32163 26
1750326062866 0.48191 27
1750326092476 0.3123 28
1750326122898 0.4232 29
1750326150593 0.46046 30
1750326177822 0.4201 31
1750326206030 0.38572 32
1750326234842 0.46663 33
1750326262863 0.50648 34
1750326293532 0.50825 35
1750326321550 0.38205 36
1750326348080 0.50975 37
1750326374202 0.48865 38
1750326402232 0.5422 39
1750326431174 0.36116 40
1750326457455 0.48001 41
1750326486865 0.29808 42
1750326512306 0.47775 43
1750326543234 0.50013 44
1750326569855 0.62075 45
1750326599453 0.51661 46
1750326625569 0.49875 47
1750326654303 0.47531 48
1750326679771 0.47342 49
1750326711192 0.47276 50
1750326741540 0.45193 51
1750326769661 0.49211 52
1750326797900 0.48485 53
1750326826450 0.48879 54
1750326854898 0.52375 55
1750326883695 0.543 56
1750326910601 0.51102 57
1750326938344 0.51593 58
1750326967920 0.55371 59
1750326996243 0.5406 60
1750327023943 0.49861 61
1750327056250 0.47756 62
1750327084067 0.51632 63
1750327113564 0.44726 64
1750327140822 0.46309 65
1750327170070 0.50726 66
1750327195934 0.52517 67
1750327222765 0.5167 68
1750327251762 0.48796 69
1750327278112 0.52336 70
1750327306471 0.47795 71
1750327334035 0.57893 72
1750327364906 0.486 73
1750327392534 0.4551 74
1750327419951 0.46943 75
1750327447776 0.45729 76
1750327473936 0.4891 77
1750327500307 0.47448 78
1750327525725 0.5368 79
1750327554998 0.48655 80
1750327582102 0.50986 81
1750327609308 0.51971 82
1750327637347 0.51014 83
1750327666113 0.51288 84
1750327691918 0.51368 85
1750327718439 0.52689 86
1750327757558 0.53006 87
1750327798248 0.52868 88
1750327836809 0.50074 89
1750327953376 0.49823 90
1750327980314 0.50968 91
1750328007534 0.52513 92
1750328034902 0.54475 93
1750328061165 0.52415 94
1750328086820 0.52234 95
1750328112921 0.53213 96
1750328138542 0.53409 97
1750328164140 0.53155 98
1750328197447 0.52305 99
1750328208799 0.6207860379282854 99
