1750325250929 0.42325 0
1750325282565 0.12072 1
1750325313086 0.39593 2
1750325342663 0.21733 3
1750325369809 0.09377 4
1750325400865 0.26483 5
1750325430440 0.55366 6
1750325460294 0.54813 7
1750325492067 0.58469 8
1750325520151 0.38846 9
1750325548984 0.55591 10
1750325578566 0.33018 11
1750325609343 0.44285 12
1750325636954 0.21573 13
1750325667689 0.53176 14
1750325705202 0.51464 15
1750325733384 0.50037 16
1750325761721 0.48402 17
1750325795448 0.50515 18
1750325826049 0.5708 19
1750325854539 0.66892 20
1750325883135 0.61888 21
1750325913881 0.51319 22
1750325944760 0.69655 23
1750325975694 0.50905 24
1750326004065 0.52067 25
1750326032097 0.55391 26
1750326062866 0.60333 27
1750326092476 0.52839 28
1750326122898 0.49729 29
1750326150593 0.60264 30
1750326177822 0.55443 31
1750326206030 0.58044 32
1750326234842 0.64353 33
1750326262863 0.69377 34
1750326293532 0.53715 35
1750326321550 0.54499 36
1750326348080 0.5941 37
1750326374202 0.68404 38
1750326402232 0.60155 39
1750326431174 0.51249 40
1750326457455 0.54103 41
1750326486865 0.41829 42
1750326512306 0.61938 43
1750326543234 0.56075 44
1750326569855 0.79174 45
1750326599453 0.59154 46
1750326625569 0.68501 47
1750326654303 0.60087 48
1750326679771 0.542 49
1750326711192 0.5689 50
1750326741540 0.56079 51
1750326769661 0.55503 52
1750326797900 0.56837 53
1750326826450 0.53649 54
1750326854898 0.57158 55
1750326883695 0.62616 56
1750326910601 0.53972 57
1750326938344 0.55317 58
1750326967920 0.67512 59
1750326996243 0.64067 60
1750327023943 0.59345 61
1750327056250 0.55827 62
1750327084067 0.57908 63
1750327113564 0.56498 64
1750327140822 0.66453 65
1750327170070 0.56616 66
1750327195934 0.60951 67
1750327222765 0.58644 68
1750327251762 0.64739 69
1750327278112 0.5785 70
1750327306471 0.60909 71
1750327334035 0.65999 72
1750327364906 0.57984 73
1750327392534 0.50599 74
1750327419951 0.55693 75
1750327447776 0.53345 76
1750327473936 0.59165 77
1750327500307 0.60797 78
1750327525725 0.66595 79
1750327554998 0.60141 80
1750327582102 0.53698 81
1750327609308 0.61057 82
1750327637347 0.62966 83
1750327666113 0.61455 84
1750327691918 0.61049 85
1750327718439 0.59138 86
1750327757558 0.61251 87
1750327798248 0.65351 88
1750327836809 0.60349 89
1750327953376 0.66235 90
1750327980314 0.63905 91
1750328007534 0.6329 92
1750328034902 0.65463 93
1750328061165 0.61073 94
1750328086820 0.59946 95
1750328112921 0.60886 96
1750328138542 0.62272 97
1750328164140 0.62135 98
1750328197447 0.62005 99
1750328208799 0.7917397543121436 99
