1750325250929 0.00369 0
1750325282565 0.6175 1
1750325313086 0.82697 2
1750325342663 0.24451 3
1750325369809 0.61861 4
1750325400865 0.72057 5
1750325430440 0.8401 6
1750325460294 0.53016 7
1750325492067 0.49198 8
1750325520151 0.80001 9
1750325548984 0.37381 10
1750325578566 0.20015 11
1750325609343 0.93669 12
1750325636954 0.73867 13
1750325667689 0.37236 14
1750325705202 0.96259 15
1750325733384 0.89939 16
1750325761721 0.96592 17
1750325795448 0.54887 18
1750325826049 0.95085 19
1750325854539 0.61176 20
1750325883135 0.71008 21
1750325913881 0.40937 22
1750325944760 0.72628 23
1750325975694 0.41837 24
1750326004065 0.43942 25
1750326032097 0.42626 26
1750326062866 0.83531 27
1750326092476 0.49708 28
1750326122898 0.92744 29
1750326150593 0.60465 30
1750326177822 0.45061 31
1750326206030 0.67589 32
1750326234842 0.70618 33
1750326262863 0.83089 34
1750326293532 0.7694 35
1750326321550 0.58402 36
1750326348080 0.65412 37
1750326374202 0.77052 38
1750326402232 0.64933 39
1750326431174 0.50725 40
1750326457455 0.51092 41
1750326486865 0.87092 42
1750326512306 0.66627 43
1750326543234 0.53652 44
1750326569855 0.76758 45
1750326599453 0.74762 46
1750326625569 0.59856 47
1750326654303 0.4864 48
1750326679771 0.36746 49
1750326711192 0.4745 50
1750326741540 0.55083 51
1750326769661 0.6407 52
1750326797900 0.51993 53
1750326826450 0.55714 54
1750326854898 0.54207 55
1750326883695 0.60814 56
1750326910601 0.60778 57
1750326938344 0.49168 58
1750326967920 0.77132 59
1750326996243 0.70482 60
1750327023943 0.7417 61
1750327056250 0.617 62
1750327084067 0.6301 63
1750327113564 0.66128 64
1750327140822 0.92728 65
1750327170070 0.51664 66
1750327195934 0.69428 67
1750327222765 0.76999 68
1750327251762 0.78574 69
1750327278112 0.57619 70
1750327306471 0.62985 71
1750327334035 0.76534 72
1750327364906 0.64119 73
1750327392534 0.48233 74
1750327419951 0.57232 75
1750327447776 0.54251 76
1750327473936 0.63099 77
1750327500307 0.52163 78
1750327525725 0.68362 79
1750327554998 0.58736 80
1750327582102 0.48987 81
1750327609308 0.7142 82
1750327637347 0.56741 83
1750327666113 0.80526 84
1750327691918 0.64755 85
1750327718439 0.58941 86
1750327757558 0.7648 87
1750327798248 0.68672 88
1750327836809 0.58248 89
1750327953376 0.62686 90
1750327980314 0.66549 91
1750328007534 0.64759 92
1750328034902 0.73191 93
1750328061165 0.74189 94
1750328086820 0.7257 95
1750328112921 0.7179 96
1750328138542 0.7342 97
1750328164140 0.72858 98
1750328197447 0.72171 99
1750328208799 0.7679827497207388 99
