1750325250929 1.0 0
1750325282565 0.35 1
1750325313086 0.3 2
1750325342663 0.38333 3
1750325369809 0.2 4
1750325400865 0.25 5
1750325430440 0.45 6
1750325460294 0.60833 7
1750325492067 0.58333 8
1750325520151 0.4 9
1750325548984 0.625 10
1750325578566 0.65833 11
1750325609343 0.34544 12
1750325636954 0.25 13
1750325667689 0.58333 14
1750325705202 0.5 15
1750325733384 0.45 16
1750325761721 0.4 17
1750325795448 0.53333 18
1750325826049 0.5 19
1750325854539 0.61667 20
1750325883135 0.57111 21
1750325913881 0.66667 22
1750325944760 0.66667 23
1750325975694 0.53333 24
1750326004065 0.54256 25
1750326032097 0.66667 26
1750326062866 0.525 27
1750326092476 0.54087 28
1750326122898 0.45 29
1750326150593 0.625 30
1750326177822 0.625 31
1750326206030 0.44669 32
1750326234842 0.66667 33
1750326262863 0.625 34
1750326293532 0.49167 35
1750326321550 0.575 36
1750326348080 0.58333 37
1750326374202 0.66667 38
1750326402232 0.625 39
1750326431174 0.575 40
1750326457455 0.58333 41
1750326486865 0.35 42
1750326512306 0.60543 43
1750326543234 0.625 44
1750326569855 0.738 45
1750326599453 0.625 46
1750326625569 0.70833 47
1750326654303 0.66667 48
1750326679771 0.625 49
1750326711192 0.625 50
1750326741540 0.625 51
1750326769661 0.58333 52
1750326797900 0.60069 53
1750326826450 0.49167 54
1750326854898 0.58333 55
1750326883695 0.66667 56
1750326910601 0.54167 57
1750326938344 0.54167 58
1750326967920 0.6142 59
1750326996243 0.575 60
1750327023943 0.58333 61
1750327056250 0.60391 62
1750327084067 0.53444 63
1750327113564 0.575 64
1750327140822 0.575 65
1750327170070 0.65627 66
1750327195934 0.58333 67
1750327222765 0.58333 68
1750327251762 0.575 69
1750327278112 0.61959 70
1750327306471 0.625 71
1750327334035 0.625 72
1750327364906 0.625 73
1750327392534 0.54167 74
1750327419951 0.58333 75
1750327447776 0.575 76
1750327473936 0.625 77
1750327500307 0.65833 78
1750327525725 0.70628 79
1750327554998 0.66555 80
1750327582102 0.58333 81
1750327609308 0.61133 82
1750327637347 0.65516 83
1750327666113 0.56731 84
1750327691918 0.6141 85
1750327718439 0.625 86
1750327757558 0.58333 87
1750327798248 0.61667 88
1750327836809 0.65135 89
1750327953376 0.66667 90
1750327980314 0.625 91
1750328007534 0.66667 92
1750328034902 0.66667 93
1750328061165 0.66461 94
1750328086820 0.66559 95
1750328112921 0.66667 96
1750328138542 0.66667 97
1750328164140 0.66667 98
1750328197447 0.66667 99
1750328208799 0.7427130270322759 99
